0.000000
00 00 00 00 
1.000000
3F 80 00 00 
2.000000
40 00 00 00 
3.000000
40 40 00 00 
4.000000
40 80 00 00 
5.000000
40 A0 00 00 
6.000000
40 C0 00 00 
7.000000
40 E0 00 00 
8.000000
41 00 00 00 
9.000000
41 10 00 00 
10.000000
41 20 00 00 
11.000000
41 30 00 00 
12.000000
41 40 00 00 
13.000000
41 50 00 00 
14.000000
41 60 00 00 
15.000000
41 70 00 00 
16.000000
41 80 00 00 
17.000000
41 88 00 00 
18.000000
41 90 00 00 
19.000000
41 98 00 00 
20.000000
41 A0 00 00 
21.000000
41 A8 00 00 
22.000000
41 B0 00 00 
23.000000
41 B8 00 00 
24.000000
41 C0 00 00 
25.000000
41 C8 00 00 
26.000000
41 D0 00 00 
27.000000
41 D8 00 00 
28.000000
41 E0 00 00 
29.000000
41 E8 00 00 
30.000000
41 F0 00 00 
